> # Create starting values
> Mu = daply(MallCustomers, NULL, function(x) colMeans(x)) + runif(4, 0, 0.5)
> Cov = dlply(MallCustomers, NULL, function(x) var(x) + diag(runif(4, 0, 0.5)))
> 
> column.names <- c("Gender", "Age", "Annual Income (k$)", "Spending Score (1-$
> row.names <- c("Cluster 1", "Cluster 2", "Cluster 3", "Cluster 4")
> 
> initMu = array(c(Mu[1] + 0.1, Mu[1] + 0.2, Mu[1] + 0.3, Mu[1] + 0.4, Mu[2] +$
> initCov <- list('Cluster 1' = Cov[[1]], 'Cluster 2' = Cov[[1]], 'Cluster 3' $
> initProbs = c(.1, .35, .65, .9)
> 
> initParams <- list(mu = initMu, var = initCov, probs = initProbs)
> 
> print(initParams)
$mu
             Gender      Age Annual Income (k$) Spending Score (1-100)
Cluster 1 0.5604894 39.25054           60.69195               50.38802
Cluster 2 0.6604894 39.35054           60.79195               50.48802
Cluster 3 0.7604894 39.45054           60.89195               50.58802
Cluster 4 0.8604894 39.55054           60.99195               50.68802

$var
$var$`Cluster 1`
                           Gender          Age Annual.Income..k..
Gender                  0.5384852    0.4231156          0.7372864
Age                     0.4231156  195.1421161         -4.5487437
Annual.Income..k..      0.7372864   -4.5487437        689.9218663
Spending.Score..1.100. -0.7467337 -118.0402010          6.7165829
                       Spending.Score..1.100.
Gender                             -0.7467337
Age                              -118.0402010
Annual.Income..k..                  6.7165829
Spending.Score..1.100.            666.9261761

$var$`Cluster 2`
                           Gender          Age Annual.Income..k..
Gender                  0.5384852    0.4231156          0.7372864
Age                     0.4231156  195.1421161         -4.5487437
Annual.Income..k..      0.7372864   -4.5487437        689.9218663
Spending.Score..1.100. -0.7467337 -118.0402010          6.7165829
                       Spending.Score..1.100.
Gender                             -0.7467337
Age                              -118.0402010
Annual.Income..k..                  6.7165829
Spending.Score..1.100.            666.9261761

$var$`Cluster 3`
                           Gender          Age Annual.Income..k..
Gender                  0.5384852    0.4231156          0.7372864
Age                     0.4231156  195.1421161         -4.5487437
Annual.Income..k..      0.7372864   -4.5487437        689.9218663
Spending.Score..1.100. -0.7467337 -118.0402010          6.7165829
                       Spending.Score..1.100.
Gender                             -0.7467337
Age                              -118.0402010
Annual.Income..k..                  6.7165829
Spending.Score..1.100.            666.9261761

$var$`Cluster 4`
                           Gender          Age Annual.Income..k..
Gender                  0.5384852    0.4231156          0.7372864
Age                     0.4231156  195.1421161         -4.5487437
Annual.Income..k..      0.7372864   -4.5487437        689.9218663
Spending.Score..1.100. -0.7467337 -118.0402010          6.7165829
                       Spending.Score..1.100.
Gender                             -0.7467337
Age                              -118.0402010
Annual.Income..k..                  6.7165829
Spending.Score..1.100.            666.9261761


$probs
[1] 0.10 0.35 0.65 0.90

> # Run and examine
>
> # BUG
> # Error in if (min(abs(paramsOld - paramsCurrent)) < tol) { : 
> # missing value where TRUE/FALSE needed
>
>
> results = gaussmixEM(params=initParams, X=as.matrix(MallCustomers), clusters$
Iterations of EM:
responsibility at iteration - 0...
             [,1]      [,2]      [,3]      [,4]
  [1,] 0.04497598 0.1676191 0.3253347 0.4620702
  [2,] 0.04317271 0.1639033 0.3240637 0.4688603
  [3,] 0.06874711 0.2098218 0.3335115 0.3879195
  [4,] 0.06448747 0.2030464 0.3329503 0.3995158
  [5,] 0.06621292 0.2058266 0.3332147 0.3947458
  [6,] 0.06459988 0.2032291 0.3329691 0.3992019
  [7,] 0.06800066 0.2086557 0.3334350 0.3899086
  [8,] 0.06354857 0.2015125 0.3327840 0.4021549
  [9,] 0.04488612 0.1674360 0.3252743 0.4624036
 [10,] 0.06445245 0.2029895 0.3329444 0.3996137
 [11,] 0.04432034 0.1662783 0.3248869 0.4645145
 [12,] 0.06270650 0.2001240 0.3326209 0.4045486
 [13,] 0.06633939 0.2060284 0.3332321 0.3944001
 [14,] 0.06446866 0.2030158 0.3329471 0.3995684
 [15,] 0.04544759 0.1685765 0.3256472 0.4603287
 [16,] 0.04324565 0.1640554 0.3241175 0.4685815
 [17,] 0.06633337 0.2060188 0.3332313 0.3944166
 [18,] 0.04385206 0.1653136 0.3245571 0.4662773
 [19,] 0.04425472 0.1661435 0.3248411 0.4647607
 [20,] 0.06279073 0.2002634 0.3326379 0.4043080
 [21,] 0.04461774 0.1668879 0.3250920 0.4634023
 [22,] 0.04340617 0.1643894 0.3242353 0.4679692
 [23,] 0.06755845 0.2079607 0.3333855 0.3910954
 [24,] 0.04320197 0.1639643 0.3240853 0.4687484
 [25,] 0.06665680 0.2065338 0.3332744 0.3935350
 [26,] 0.04292339 0.1633826 0.3238780 0.4698160
 [27,] 0.06606413 0.2055888 0.3331940 0.3951531
 [28,] 0.04356657 0.1647225 0.3243519 0.4673590
 [29,] 0.06637696 0.2060883 0.3332372 0.3942975
 [30,] 0.06402099 0.2022862 0.3328697 0.4008231
 [31,] 0.04504904 0.1677678 0.3253837 0.4617995
 [32,] 0.06491514 0.2037401 0.3330207 0.3983240
 [33,] 0.04531905 0.1683161 0.3255628 0.4608020
 [34,] 0.04292781 0.1633918 0.3238813 0.4697990
 [35,] 0.06694429 0.2069902 0.3333113 0.3927542
 [36,] 0.06448484 0.2030422 0.3329498 0.3995232
 [37,] 0.06712742 0.2072802 0.3333341 0.3922583
 [38,] 0.06450728 0.2030786 0.3329536 0.3994605
 [39,] 0.06692668 0.2069623 0.3333091 0.3928020
 [40,] 0.06490263 0.2037199 0.3330187 0.3983588
 [41,] 0.06498561 0.2038542 0.3330320 0.3981282
 [42,] 0.04274665 0.1630124 0.3237449 0.4704961
 [43,] 0.04419434 0.1660193 0.3247989 0.4649874
 [44,] 0.06517593 0.2041617 0.3330621 0.3976003
 [45,] 0.06617976 0.2057736 0.3332101 0.3948365
 [46,] 0.06529069 0.2043468 0.3330799 0.3972826
 [47,] 0.06459778 0.2032257 0.3329688 0.3992078
 [48,] 0.06618186 0.2057770 0.3332104 0.3948308
 [49,] 0.06637110 0.2060790 0.3332364 0.3943135
 [50,] 0.06627193 0.2059208 0.3332229 0.3945844
 [51,] 0.06483104 0.2036040 0.3330071 0.3985579
 [52,] 0.04375314 0.1651090 0.3244864 0.4666515
 [53,] 0.06560533 0.2048532 0.3331276 0.3964139
 [54,] 0.04285053 0.1632301 0.3238233 0.4700961
 [55,] 0.06518724 0.2041799 0.3330638 0.3975690
 [56,] 0.04404509 0.1657120 0.3246940 0.4655489
 [57,] 0.06486189 0.2036539 0.3330121 0.3984720
 [58,] 0.04307411 0.1636976 0.3239905 0.4692377
 [59,] 0.06599707 0.2054815 0.3331845 0.3953369
 [60,] 0.04364419 0.1648834 0.3244080 0.4670644
 [61,] 0.04264719 0.1628036 0.3236695 0.4708797
 [62,] 0.04447793 0.1666016 0.3249960 0.4639245
 [63,] 0.06399611 0.2022456 0.3328653 0.4008930
 [64,] 0.06423038 0.2026279 0.3329063 0.4002354
 [65,] 0.04310170 0.1637552 0.3240110 0.4691321
 [66,] 0.04435844 0.1663565 0.3249133 0.4643717
 [67,] 0.06528249 0.2043336 0.3330786 0.3973053
 [68,] 0.06417983 0.2025455 0.3328976 0.4003771
 [69,] 0.04432281 0.1662834 0.3248886 0.4645052
 [70,] 0.06599514 0.2054784 0.3331842 0.3953422
 [71,] 0.04270316 0.1629211 0.3237120 0.4706637
 [72,] 0.06555041 0.2047650 0.3331194 0.3965653
 [73,] 0.06452557 0.2031084 0.3329567 0.3994094
 [74,] 0.06413136 0.2024664 0.3328891 0.4005131
 [75,] 0.04343579 0.1644510 0.3242569 0.4678564
 [76,] 0.04431342 0.1662641 0.3248820 0.4645404
 [77,] 0.06505887 0.2039726 0.3330437 0.3979249
 [78,] 0.04406411 0.1657512 0.3247075 0.4654772
 [79,] 0.06619786 0.2058025 0.3332126 0.3947870
 [80,] 0.06548976 0.2046674 0.3331102 0.3967326
 [81,] 0.04334291 0.1642579 0.3241890 0.4682102
 [82,] 0.04384674 0.1653026 0.3245533 0.4662974
 [83,] 0.04340017 0.1643769 0.3242309 0.4679920
 [84,] 0.06552279 0.2047205 0.3331152 0.3966415
 [85,] 0.06600901 0.2055006 0.3331862 0.3953042
 [86,] 0.04386346 0.1653371 0.3245652 0.4662342
 [87,] 0.06431228 0.2027614 0.3329205 0.4000059
 [88,] 0.06609730 0.2056418 0.3331986 0.3950622
 [89,] 0.06522829 0.2042462 0.3330702 0.3974553
 [90,] 0.06524258 0.2042692 0.3330724 0.3974158
 [91,] 0.06386825 0.2020365 0.3328424 0.4012528
 [92,] 0.04517119 0.1680161 0.3254650 0.4613477
 [93,] 0.04377269 0.1651495 0.3245004 0.4665775
 [94,] 0.06609308 0.2056351 0.3331980 0.3950738
 [95,] 0.06637406 0.2060837 0.3332368 0.3943054
 [96,] 0.04450054 0.1666480 0.3250116 0.4638399
 [97,] 0.06534749 0.2044383 0.3330886 0.3971255
 [98,] 0.06616050 0.2057428 0.3332075 0.3948892
 [99,] 0.04406600 0.1657551 0.3247088 0.4654701
[100,] 0.04477443 0.1672082 0.3251988 0.4628187
[101,] 0.06689516 0.2069123 0.3333051 0.3928875
[102,] 0.06520757 0.2042127 0.3330670 0.3975127
[103,] 0.04271469 0.1629453 0.3237207 0.4706193
[104,] 0.04431556 0.1662685 0.3248835 0.4645324
[105,] 0.04346207 0.1645056 0.3242760 0.4677563
[106,] 0.06693692 0.2069785 0.3333104 0.3927742
[107,] 0.06427492 0.2027005 0.3329140 0.4001105
[108,] 0.04370049 0.1650001 0.3244486 0.4668509
[109,] 0.04333196 0.1642351 0.3241810 0.4682520
[110,] 0.04319870 0.1639575 0.3240829 0.4687609
[111,] 0.04307148 0.1636921 0.3239886 0.4692478
[112,] 0.06634898 0.2060437 0.3332334 0.3943739
[113,] 0.06610715 0.2056576 0.3332000 0.3950353
[114,] 0.04495255 0.1675714 0.3253190 0.4621570
[115,] 0.06676111 0.2066996 0.3332880 0.3932514
[116,] 0.06659541 0.2064362 0.3332664 0.3937020
[117,] 0.06483066 0.2036034 0.3330071 0.3985589
[118,] 0.06460602 0.2032390 0.3329701 0.3991848
[119,] 0.06543211 0.2045746 0.3331015 0.3968917
[120,] 0.06468538 0.2033678 0.3329833 0.3989635
[121,] 0.04426577 0.1661662 0.3248489 0.4647192
[122,] 0.06624508 0.2058779 0.3332192 0.3946578
[123,] 0.06513098 0.2040891 0.3330550 0.3977249
[124,] 0.04243350 0.1623542 0.3235060 0.4717063
[125,] 0.06765688 0.2081156 0.3333968 0.3908307
[126,] 0.06450013 0.2030670 0.3329524 0.3994804
[127,] 0.04458875 0.1668286 0.3250721 0.4635105
[128,] 0.04225022 0.1619677 0.3233643 0.4724178
[129,] 0.04501750 0.1677036 0.3253626 0.4619163
[130,] 0.04312220 0.1637980 0.3240263 0.4690535
[131,] 0.04553704 0.1687574 0.3257055 0.4600000
[132,] 0.04308742 0.1637254 0.3240004 0.4691868
[133,] 0.06727926 0.2075202 0.3333525 0.3918480
[134,] 0.06485436 0.2036417 0.3330109 0.3984930
[135,] 0.04671417 0.1711192 0.3264471 0.4557195
[136,] 0.06400014 0.2022522 0.3328660 0.4008817
[137,] 0.06791221 0.2085169 0.3334254 0.3901455
[138,] 0.04342353 0.1644255 0.3242479 0.4679030
[139,] 0.04654076 0.1707735 0.3263409 0.4563448
[140,] 0.06461809 0.2032586 0.3329721 0.3991511
[141,] 0.06739001 0.2076951 0.3333657 0.3915491
[142,] 0.04262578 0.1627587 0.3236532 0.4709624
[143,] 0.06681060 0.2067781 0.3332943 0.3931169
[144,] 0.06393379 0.2021437 0.3328542 0.4010683
[145,] 0.04624953 0.1701912 0.3261602 0.4573991
[146,] 0.04261376 0.1627334 0.3236440 0.4710088
[147,] 0.04440130 0.1664445 0.3249430 0.4642112
[148,] 0.06467306 0.2033479 0.3329812 0.3989978
[149,] 0.06757480 0.2079864 0.3333874 0.3910514
[150,] 0.04269303 0.1628999 0.3237043 0.4707028
[151,] 0.04538281 0.1684454 0.3256047 0.4605671
[152,] 0.04260089 0.1627064 0.3236342 0.4710585
[153,] 0.06718953 0.2073784 0.3333417 0.3920904
[154,] 0.06427676 0.2027035 0.3329144 0.4001054
[155,] 0.06727248 0.2075095 0.3333517 0.3918663
[156,] 0.06407735 0.2023783 0.3328796 0.4006648
[157,] 0.04628475 0.1702617 0.3261822 0.4572713
[158,] 0.06455156 0.2031506 0.3329610 0.3993368
[159,] 0.04639568 0.1704837 0.3262512 0.4568694
[160,] 0.06483441 0.2036094 0.3330077 0.3985485
[161,] 0.06573413 0.2050601 0.3331466 0.3960592
[162,] 0.06432547 0.2027828 0.3329227 0.3999690
[163,] 0.04679702 0.1712841 0.3264975 0.4554213
[164,] 0.06368294 0.2017330 0.3328088 0.4017753
[165,] 0.04479014 0.1672402 0.3252094 0.4627602
[166,] 0.06448181 0.2030372 0.3329493 0.3995316
[167,] 0.04533678 0.1683521 0.3255745 0.4607366
[168,] 0.06351211 0.2014527 0.3327772 0.4022580
[169,] 0.06725122 0.2074759 0.3333491 0.3919237
[170,] 0.04390814 0.1654294 0.3245970 0.4660654
[171,] 0.04571196 0.1691107 0.3258188 0.4593586
[172,] 0.04355723 0.1647031 0.3243452 0.4673945
[173,] 0.04598648 0.1696634 0.3259944 0.4583557
[174,] 0.04259132 0.1626862 0.3236269 0.4710955
[175,] 0.06727353 0.2075112 0.3333518 0.3918634
[176,] 0.06417491 0.2025375 0.3328967 0.4003909
[177,] 0.04497948 0.1676262 0.3253371 0.4620572
[178,] 0.04384354 0.1652960 0.3245510 0.4663095
[179,] 0.04501298 0.1676944 0.3253595 0.4619331
[180,] 0.04273773 0.1629936 0.3237382 0.4705305
[181,] 0.06698647 0.2070570 0.3333166 0.3926399
[182,] 0.06414481 0.2024884 0.3328915 0.4004754
[183,] 0.04546961 0.1686211 0.3256615 0.4602478
[184,] 0.06418468 0.2025534 0.3328984 0.4003635
[185,] 0.06639677 0.2061199 0.3332399 0.3942435
[186,] 0.04266083 0.1628323 0.3236798 0.4708271
[187,] 0.06663343 0.2064967 0.3332714 0.3935985
[188,] 0.04391956 0.1654530 0.3246051 0.4660223
[189,] 0.06770794 0.2081959 0.3334026 0.3906935
[190,] 0.06405224 0.2023373 0.3328752 0.4007353
[191,] 0.06770883 0.2081973 0.3334027 0.3906911
[192,] 0.06515056 0.2041207 0.3330581 0.3976706
[193,] 0.04632940 0.1703511 0.3262100 0.4571094
[194,] 0.06369364 0.2017505 0.3328107 0.4017451
[195,] 0.06759532 0.2080187 0.3333897 0.3909962
[196,] 0.06456426 0.2031712 0.3329632 0.3993014
[197,] 0.06704103 0.2071435 0.3333234 0.3924921
[198,] 0.04366720 0.1649311 0.3244246 0.4669771
[199,] 0.04607250 0.1698362 0.3260489 0.4580425
[200,] 0.04342892 0.1644367 0.3242519 0.4678825
rk at iteration - 0...
[1] 11.22078 37.52080 65.88216 85.37625
probs at iteration - 0...
[1] 0.05610389 0.18760402 0.32941082 0.42688127
varMatrix at iteration - 0 - k: 1 - i: 1
         Gender        Age Annual.Income..k.. Spending.Score..1.100.
[1,] 0.04497598  0.8545436          0.6746397               1.754063
[2,] 0.85454358 16.2363281         12.8181538              33.327200
[3,] 0.67463967 12.8181538         10.1195951              26.310947
[4,] 1.75406315 33.3271998         26.3109472              68.408463
varMatrix at iteration - 0 - k: 1 - i: 2
         Gender        Age Annual.Income..k.. Spending.Score..1.100.
[1,] 0.08814869   1.761171            1.32223               5.251053
[2,] 1.76117052  35.275494           26.41756             106.763981
[3,] 1.32223034  26.417558           19.83346              78.765791
[4,] 5.25105274 106.763981           78.76579             351.664620
varMatrix at iteration - 0 - k: 1 - i: 3
         Gender        Age Annual.Income..k.. Spending.Score..1.100.
[1,] 0.08814869   1.761171            1.32223               5.251053
[2,] 1.76117052  62.774339           48.41663             115.013635
[3,] 1.32223034  48.416634           37.43272              85.365514
[4,] 5.25105274 115.013635           85.36551             354.139516
varMatrix at iteration - 0 - k: 1 - i: 4
         Gender        Age Annual.Income..k.. Spending.Score..1.100.
[1,] 0.08814869   1.761171            1.32223               5.251053
[2,] 1.76117052  96.888211           72.14802             229.220945
[3,] 1.32223034  72.148023           53.94151             164.814078
[4,] 5.25105274 229.220945          164.81408             736.485730
varMatrix at iteration - 0 - k: 1 - i: 5
         Gender        Age Annual.Income..k.. Spending.Score..1.100.
[1,] 0.08814869   1.761171            1.32223               5.251053
[2,] 1.76117052 160.518830          107.04223             311.324970
[3,] 1.32223034 107.042233           73.07704             209.838866
[4,] 5.25105274 311.324970          209.83887             842.426407
varMatrix at iteration - 0 - k: 1 - i: 6
         Gender        Age Annual.Income..k.. Spending.Score..1.100.
[1,] 0.08814869   1.761171            1.32223               5.251053
[2,] 1.76117052 191.785173          131.20259             419.335974
[3,] 1.32223034 131.202590           91.74641             293.301914
[4,] 5.25105274 419.335974          293.30191            1215.555329
varMatrix at iteration - 0 - k: 1 - i: 7
         Gender        Age Annual.Income..k.. Spending.Score..1.100.
[1,] 0.08814869   1.761171            1.32223               5.251053
[2,] 1.76117052 275.085987          174.04301             433.616113
[3,] 1.32223034 174.043008          113.77862             300.645986
[4,] 5.25105274 433.616113          300.64599            1218.003353
varMatrix at iteration - 0 - k: 1 - i: 8
         Gender        Age Annual.Income..k.. Spending.Score..1.100.
[1,] 0.08814869   1.761171            1.32223               5.251053
[2,] 1.76117052 308.703179          200.35211             571.008114
[3,] 1.32223034 200.352115          134.36836             408.170160
[4,] 5.25105274 571.008114          408.17016            1779.518486
varMatrix at iteration - 0 - k: 1 - i: 9
        Gender        Age Annual.Income..k.. Spending.Score..1.100.
[1,] 0.1330348   4.633882           2.175067               5.385711
[2,] 4.6338820 492.556716         254.933633             579.626249
[3,] 2.1750666 254.933633         150.572248             410.728669
[4,] 5.3857111 579.626249         410.728669            1779.922461
varMatrix at iteration - 0 - k: 1 - i: 10
        Gender        Age Annual.Income..k.. Spending.Score..1.100.
[1,] 0.1330348   4.633882           2.175067               5.385711
[2,] 4.6338820 550.563918         291.671529             718.843536
[3,] 2.1750666 291.671529         173.839582             498.899617
[4,] 5.3857111 718.843536         498.899617            2114.043950
varMatrix at iteration - 0 - k: 1 - i: 11
        Gender        Age Annual.Income..k.. Spending.Score..1.100.
[1,] 0.1773552   7.603345           3.017153               6.006196
[2,] 7.6033451 749.517944         348.091327             760.416019
[3,] 3.0171531 348.091327         189.839226             510.688829
[4,] 6.0061959 760.416019         510.688829            2122.730737
varMatrix at iteration - 0 - k: 1 - i: 12
        Gender        Age Annual.Income..k.. Spending.Score..1.100.
[1,] 0.1773552   7.603345           3.017153               6.006196
[2,] 7.6033451 826.333407         389.791150             977.694042
[3,] 3.0171531 389.791150         212.476273             628.639756
[4,] 6.0061959 977.694042         628.639756            2737.317147
varMatrix at iteration - 0 - k: 1 - i: 13
        Gender         Age Annual.Income..k.. Spending.Score..1.100.
[1,] 0.1773552    7.603345           3.017153               6.006196
[2,] 7.6033451 1049.499127         466.744846            1035.409315
[3,] 3.0171531  466.744846         239.012030             648.541574
[4,] 6.0061959 1035.409315         648.541574            2752.243511
varMatrix at iteration - 0 - k: 1 - i: 14
        Gender         Age Annual.Income..k.. Spending.Score..1.100.
[1,] 0.1773552    7.603345           3.017153               6.006196
[2,] 7.6033451 1086.633073         497.689801            1154.547391
[3,] 3.0171531  497.689801         264.799493             747.823305
[4,] 6.0061959 1154.547391         747.823305            3134.478173
varMatrix at iteration - 0 - k: 1 - i: 15
        Gender         Age Annual.Income..k.. Spending.Score..1.100.
[1,] 0.2228027    9.284906           3.926105               6.597015
[2,] 9.2849059 1148.850821         531.321016            1176.407681
[3,] 3.9261049  531.321016         282.978528             759.639677
[4,] 6.5970146 1176.407681         759.639677            3142.158815
varMatrix at iteration - 0 - k: 1 - i: 16
         Gender        Age Annual.Income..k.. Spending.Score..1.100.
[1,]  0.2660484   10.23631           4.791018               10.01342
[2,] 10.2363101 1169.78172         550.349102             1251.56862
[3,]  4.7910179  550.34910         300.276788              827.96780
[4,] 10.0134209 1251.56862         827.967803             3412.05491
varMatrix at iteration - 0 - k: 1 - i: 17
         Gender        Age Annual.Income..k.. Spending.Score..1.100.
[1,]  0.2660484   10.23631           4.791018               10.01342
[2,] 10.2363101 1251.04010         599.104131             1332.82700
[3,]  4.7910179  599.10413         329.529805              876.72283
[4,] 10.0134209 1332.82700         876.722832             3493.31329
varMatrix at iteration - 0 - k: 1 - i: 18
         Gender        Age Annual.Income..k.. Spending.Score..1.100.
[1,]  0.3099004   11.11335           5.711911               12.90766
[2,] 11.1133514 1268.58092         617.521996             1390.71172
[3,]  5.7119111  617.52200         348.868564              937.50179
[4,] 12.9076568 1390.71172         937.501788             3684.33287
varMatrix at iteration - 0 - k: 1 - i: 19
         Gender       Age Annual.Income..k.. Spending.Score..1.100.
[1,]  0.3541552   13.4146            6.72977               14.19104
[2,] 13.4145966 1388.2457          670.45064             1457.44783
[3,]  6.7297696  670.4506          372.27931              967.01968
[4,] 14.1910436 1457.4478          967.01968             3721.55108
varMatrix at iteration - 0 - k: 1 - i: 20
         Gender       Age Annual.Income..k.. Spending.Score..1.100.
[1,]  0.3541552   13.4146            6.72977               14.19104
[2,] 13.4145966 1465.1643          720.99718             1672.82005
[3,]  6.7297696  720.9972          405.49561             1108.55000
[4,] 14.1910436 1672.8200         1108.55000             4324.59328
varMatrix at iteration - 0 - k: 1 - i: 21
         Gender        Age Annual.Income..k.. Spending.Score..1.100.
[1,]  0.3987729   14.97622           7.800595               15.75266
[2,] 14.9762176 1519.82106         758.476081             1727.47678
[3,]  7.8005954  758.47608         431.195426             1146.02890
[4,] 15.7526646 1727.47678        1146.028900             4379.25002
varMatrix at iteration - 0 - k: 1 - i: 22
         Gender        Age Annual.Income..k.. Spending.Score..1.100.
[1,]  0.4421791   16.06137           8.842343               18.92131
[2,] 16.0613718 1546.94991         784.519782             1806.69304
[3,]  8.8423435  784.51978         456.197379             1222.07651
[4,] 18.9213149 1806.69304        1222.076506             4610.56149
varMatrix at iteration - 0 - k: 1 - i: 23
         Gender        Age Annual.Income..k.. Spending.Score..1.100.
[1,]  0.4421791   16.06137           8.842343               18.92131
[2,] 16.0613718 1689.90360         862.212005             1822.23148
[3,]  8.8423435  862.21200         498.421413             1230.52131
[4,] 18.9213149 1822.23148        1230.521313             4612.25045
varMatrix at iteration - 0 - k: 1 - i: 24
        Gender        Age Annual.Income..k.. Spending.Score..1.100.
[1,]  0.485381   17.40063           9.922393               22.07506
[2,] 17.400633 1731.42069         895.693528             1919.99753
[3,]  9.922393  895.69353         525.422642             1309.36490
[4,] 22.075058 1919.99753        1309.364901             4842.47373
varMatrix at iteration - 0 - k: 1 - i: 25
        Gender        Age Annual.Income..k.. Spending.Score..1.100.
[1,]  0.485381   17.40063           9.922393               22.07506
[2,] 17.400633 1925.79191         996.478604             1970.39007
[3,]  9.922393  996.47860         577.681570             1335.49436
[4,] 22.075058 1970.39007        1335.494365             4855.53846
varMatrix at iteration - 0 - k: 1 - i: 26
         Gender        Age Annual.Income..k.. Spending.Score..1.100.
[1,]  0.5283044   18.64541           11.12425               25.59478
[2,] 18.6454110 1961.89048         1031.33239             2072.46188
[3,] 11.1242474 1031.33239          611.33351             1434.04646
[4,] 25.5947761 2072.46188         1434.04646             5144.15531
varMatrix at iteration - 0 - k: 1 - i: 27
         Gender        Age Annual.Income..k.. Spending.Score..1.100.
[1,]  0.5283044   18.64541           11.12425               25.59478
[2,] 18.6454110 2095.67033         1114.57319             2167.59423
[3,] 11.1242474 1114.57319          663.12778             1493.23992
[4,] 25.5947761 2167.59423         1493.23992             5211.80498
varMatrix at iteration - 0 - k: 1 - i: 28
        Gender        Age Annual.Income..k.. Spending.Score..1.100.
[1,]  0.571871   20.17024           12.34411               28.25234
[2,] 20.170241 2149.03938         1157.26843             2260.60885
[3,] 12.344111 1157.26843          697.28397             1567.65162
[4,] 28.252337 2260.60885         1567.65162             5373.91618
varMatrix at iteration - 0 - k: 1 - i: 29
        Gender        Age Annual.Income..k.. Spending.Score..1.100.
[1,]  0.571871   20.17024           12.34411               28.25234
[2,] 20.170241 2255.24252         1234.26571             2342.91628
[3,] 12.344111 1234.26571          753.10700             1627.32451
[4,] 28.252337 2342.91628         1627.32451             5437.70444
varMatrix at iteration - 0 - k: 1 - i: 30
        Gender        Age Annual.Income..k.. Spending.Score..1.100.
[1,]  0.571871   20.17024           12.34411               28.25234
[2,] 20.170241 2289.10962         1276.96771             2471.02228
[3,] 12.344111 1276.96771          806.94865             1788.84946
[4,] 28.252337 2471.02228         1788.84946             5922.27931
varMatrix at iteration - 0 - k: 1 - i: 31
       Gender        Age Annual.Income..k.. Spending.Score..1.100.
[1,]  0.61692   22.87318           13.69558               28.43253
[2,] 22.87318 2451.28618         1358.05599             2481.83405
[3,] 13.69558 1358.05599          847.49279             1794.25535
[4,] 28.43253 2481.83405         1794.25535             5923.00010
varMatrix at iteration - 0 - k: 1 - i: 32
       Gender        Age Annual.Income..k.. Spending.Score..1.100.
[1,]  0.61692   22.87318           13.69558               28.43253
[2,] 22.87318 2479.91376         1398.95252             2581.34896
[3,] 13.69558 1398.95252          905.91641             1936.41950
[4,] 28.43253 2581.34896         1936.41950             6268.93286
varMatrix at iteration - 0 - k: 1 - i: 33
         Gender        Age Annual.Income..k.. Spending.Score..1.100.
[1,]  0.6622391   25.27509           15.19111               28.61381
[2,] 25.2750932 2607.21497         1478.21554             2590.95660
[3,] 15.1911114 1478.21554          955.26886             1942.40161
[4,] 28.6138092 2590.95660         1942.40161             6269.65796
varMatrix at iteration - 0 - k: 1 - i: 34
         Gender        Age Annual.Income..k.. Spending.Score..1.100.
[1,]  0.7051669   26.04779           16.60773               32.56317
[2,] 26.0477939 2621.12358         1503.71466             2662.04506
[3,] 16.6077292 1503.71466         1002.01725             2072.73046
[4,] 32.5631681 2662.04506         2072.73046             6632.99898
varMatrix at iteration - 0 - k: 1 - i: 35
         Gender        Age Annual.Income..k.. Spending.Score..1.100.
[1,]  0.7051669   26.04779           16.60773               32.56317
[2,] 26.0477939 2781.85683         1611.96359             2707.96884
[3,] 16.6077292 1611.96359         1074.91958             2103.65872
[4,] 32.5631681 2707.96884         2103.65872             6646.12007
varMatrix at iteration - 0 - k: 1 - i: 36
         Gender        Age Annual.Income..k.. Spending.Score..1.100.
[1,]  0.7051669   26.04779           16.60773               32.56317
[2,] 26.0477939 2810.29465         1656.65158             2817.65756
[3,] 16.6077292 1656.65158         1145.14358             2276.02671
[4,] 32.5631681 2817.65756         2276.02671             7069.20513
varMatrix at iteration - 0 - k: 1 - i: 37
         Gender        Age Annual.Income..k.. Spending.Score..1.100.
[1,]  0.7051669   26.04779           16.60773               32.56317
[2,] 26.0477939 2928.70742         1752.50954             2865.58654
[3,] 16.6077292 1752.50954         1222.74288             2314.82636
[4,] 32.5631681 2865.58654         2314.82636             7088.60495
varMatrix at iteration - 0 - k: 1 - i: 38
         Gender        Age Annual.Income..k.. Spending.Score..1.100.
[1,]  0.7051669   26.04779           16.60773               32.56317
[2,] 26.0477939 2986.76397         1818.30697             3006.85750
[3,] 16.6077292 1818.30697         1297.31330             2474.93344
[4,] 32.5631681 3006.85750         2474.93344             7432.36427
varMatrix at iteration - 0 - k: 1 - i: 39
         Gender        Age Annual.Income..k.. Spending.Score..1.100.
[1,]  0.7051669   26.04779           16.60773               32.56317
[2,] 26.0477939 3073.50095         1907.45330             3069.50086
[3,] 16.6077292 1907.45330         1388.93592             2539.31690
[4,] 32.5631681 3069.50086         2539.31690             7477.60671
varMatrix at iteration - 0 - k: 1 - i: 40
         Gender        Age Annual.Income..k.. Spending.Score..1.100.
[1,]  0.7051669   26.04779           16.60773               32.56317
[2,] 26.0477939 3099.46200         1955.48125             3166.85481
[3,] 16.6077292 1955.48125         1477.78762             2719.42170
[4,] 32.5631681 3166.85481         2719.42170             7842.68401
varMatrix at iteration - 0 - k: 1 - i: 41
         Gender        Age Annual.Income..k.. Spending.Score..1.100.
[1,]  0.7051669   26.04779           16.60773               32.56317
[2,] 26.0477939 3374.02622         2115.99572             3314.69708
[3,] 16.6077292 2115.99572         1571.62685             2805.85257
[4,] 32.5631681 3314.69708         2805.85257             7922.29138
varMatrix at iteration - 0 - k: 1 - i: 42
         Gender        Age Annual.Income..k.. Spending.Score..1.100.
[1,]  0.7479136   27.07371            18.2321               36.49586
[2,] 27.0737135 3398.64829          2154.9807             3409.08169
[3,] 18.2321021 2154.98066          1633.3530             2955.29487
[4,] 36.4958603 3409.08169          2955.2949             8284.09906
varMatrix at iteration - 0 - k: 1 - i: 43
         Gender        Age Annual.Income..k.. Spending.Score..1.100.
[1,]  0.7921079   29.19504           19.95568               38.08686
[2,] 29.1950419 3500.47205         2237.71247             3485.44951
[3,] 19.9556814 2237.71247         1700.57261             3017.34372
[4,] 38.0868565 3485.44951         3017.34372             8341.37492
varMatrix at iteration - 0 - k: 1 - i: 44
         Gender        Age Annual.Income..k.. Spending.Score..1.100.
[1,]  0.7921079   29.19504           19.95568               38.08686
[2,] 29.1950419 3563.10611         2316.51016             3608.69719
[3,] 19.9556814 2316.51016         1799.70519             3172.39725
[4,] 38.0868565 3608.69719         3172.39725             8583.89454
varMatrix at iteration - 0 - k: 1 - i: 45
         Gender        Age Annual.Income..k.. Spending.Score..1.100.
[1,]  0.7921079   29.19504           19.95568               38.08686
[2,] 29.1950419 3722.00373         2442.97969             3699.49583
[3,] 19.9556814 2442.97969         1900.36461             3244.66555
[4,] 38.0868565 3699.49583         3244.66555             8635.77948
varMatrix at iteration - 0 - k: 1 - i: 46
         Gender        Age Annual.Income..k.. Spending.Score..1.100.
[1,]  0.7921079   29.19504           19.95568               38.08686
[2,] 29.1950419 3759.61116         2504.09178             3801.34930
[3,] 19.9556814 2504.09178         1999.67174             3410.17744
[4,] 38.0868565 3801.34930         3410.17744             8911.63263
varMatrix at iteration - 0 - k: 1 - i: 47
         Gender        Age Annual.Income..k.. Spending.Score..1.100.
[1,]  0.7921079   29.19504           19.95568               38.08686
[2,] 29.1950419 3921.10562         2633.28734             3978.99319
[3,] 19.9556814 2633.28734         2103.02819             3552.29256
[4,] 38.0868565 3978.99319         3552.29256             9107.04092
varMatrix at iteration - 0 - k: 1 - i: 48
         Gender        Age Annual.Income..k.. Spending.Score..1.100.
[1,]  0.7921079   29.19504           19.95568               38.08686
[2,] 29.1950419 3969.35219         2704.76375             4062.97797
[3,] 19.9556814 2704.76375         2208.91917             3676.71446
[4,] 38.0868565 4062.97797         3676.71446             9253.23664
varMatrix at iteration - 0 - k: 1 - i: 49
         Gender        Age Annual.Income..k.. Spending.Score..1.100.
[1,]  0.7921079   29.19504           19.95568               38.08686
[2,] 29.1950419 4025.17029         2781.75423             4143.81798
[3,] 19.9556814 2781.75423         2315.11293             3788.21791
[4,] 38.0868565 4143.81798         3788.21791             9370.31527
varMatrix at iteration - 0 - k: 1 - i: 50
         Gender        Age Annual.Income..k.. Spending.Score..1.100.
[1,]  0.7921079   29.19504           19.95568               38.08686
[2,] 29.1950419 4088.85762         2863.93142             4230.10403
[3,] 19.9556814 2863.93142         2421.14802             3899.55476
[4,] 38.0868565 4230.10403         3899.55476             9487.21896
varMatrix at iteration - 0 - k: 1 - i: 51
         Gender        Age Annual.Income..k.. Spending.Score..1.100.
[1,]  0.7921079   29.19504           19.95568               38.08686
[2,] 29.1950419 4244.51694         2997.35370             4395.29352
[3,] 19.9556814 2997.35370         2535.50998             4041.14575
[4,] 38.0868565 4395.29352         4041.14575             9662.52209
varMatrix at iteration - 0 - k: 1 - i: 52
        Gender       Age Annual.Income..k.. Spending.Score..1.100.
[1,]  0.835861   30.6389           21.79331               40.71205
[2,] 30.638896 4292.1641         3057.99556             4481.92475
[3,] 21.793313 3057.9956         2612.69053             4151.40367
[4,] 40.712045 4481.9247         4151.40367             9820.03341
varMatrix at iteration - 0 - k: 1 - i: 53
        Gender       Age Annual.Income..k.. Spending.Score..1.100.
[1,]  0.835861   30.6389           21.79331               40.71205
[2,] 30.638896 4355.2108         3145.44747             4591.74807
[3,] 21.793313 3145.4475         2733.99478             4303.73925
[4,] 40.712045 4591.7481         4303.73925            10011.33855
varMatrix at iteration - 0 - k: 1 - i: 54
         Gender        Age Annual.Income..k.. Spending.Score..1.100.
[1,]  0.8787116   33.16708           23.63589               43.28308
[2,] 33.1670767 4504.37352         3254.15925             4743.43893
[3,] 23.6358860 3254.15925         2813.22540             4414.29361
[4,] 43.2830768 4743.43893         4414.29361            10165.60045
varMatrix at iteration - 0 - k: 1 - i: 55
         Gender        Age Annual.Income..k.. Spending.Score..1.100.
[1,]  0.8787116   33.16708           23.63589               43.28308
[2,] 33.1670767 4667.34163         3394.31183             4890.11023
[3,] 23.6358860 3394.31183         2933.75662             4540.43092
[4,] 43.2830768 4890.11023         4540.43092            10297.60462
varMatrix at iteration - 0 - k: 1 - i: 56
         Gender       Age Annual.Income..k.. Spending.Score..1.100.
[1,]  0.9227567   35.2372           25.52983               45.08893
[2,] 35.2371960 4764.6372         3483.32696             4974.98513
[3,] 25.5298250 3483.3270         3015.19599             4618.08242
[4,] 45.0889255 4974.9851         4618.08242            10371.64442
varMatrix at iteration - 0 - k: 1 - i: 57
         Gender       Age Annual.Income..k.. Spending.Score..1.100.
[1,]  0.9227567   35.2372           25.52983               45.08893
[2,] 35.2371960 4933.3430         3628.87704             5140.38295
[3,] 25.5298250 3628.8770         3140.76861             4760.77858
[4,] 45.0889255 5140.3829         4760.77858            10533.79914
varMatrix at iteration - 0 - k: 1 - i: 58
         Gender        Age Annual.Income..k.. Spending.Score..1.100.
[1,]  0.9658308   38.20931           27.42509               47.07033
[2,] 38.2093096 5138.41885         3759.65003             5277.10017
[3,] 27.4250858 3759.65003         3224.16009             4847.96058
[4,] 47.0703346 5277.10017         4847.96058            10624.94396
varMatrix at iteration - 0 - k: 1 - i: 59
         Gender        Age Annual.Income..k.. Spending.Score..1.100.
[1,]  0.9658308   38.20931           27.42509               47.07033
[2,] 38.2093096 5186.53072         3841.61840             5367.97814
[3,] 27.4250858 3841.61840         3363.80990             5002.78971
[4,] 47.0703346 5367.97814         5002.78971            10796.60235
varMatrix at iteration - 0 - k: 1 - i: 60
        Gender        Age Annual.Income..k.. Spending.Score..1.100.
[1,]  1.009475   40.52245           29.43272               49.07797
[2,] 40.522452 5309.12724         3948.02293             5474.38267
[3,] 29.432718 3948.02293         3456.16100             5095.14081
[4,] 49.077967 5474.38267         5095.14081            10888.95345
varMatrix at iteration - 0 - k: 1 - i: 61
        Gender        Age Annual.Income..k.. Spending.Score..1.100.
[1,]  1.052122   43.50775           31.39449               51.46621
[2,] 43.507755 5518.09847         4085.34688             5641.55965
[3,] 31.394489 4085.34688         3546.40245             5204.99997
[4,] 51.466210 5641.55965         5204.99997            11022.69503
varMatrix at iteration - 0 - k: 1 - i: 62
       Gender        Age Annual.Income..k.. Spending.Score..1.100.
[1,]  1.09660   44.35284           33.44047                53.9125
[2,] 44.35284 5534.15500         4124.22059              5688.0391
[3,] 33.44047 4124.22059         3640.51775              5317.5291
[4,] 53.91250 5688.03909         5317.52914             11157.2408
varMatrix at iteration - 0 - k: 1 - i: 63
       Gender        Age Annual.Income..k.. Spending.Score..1.100.
[1,]  1.09660   44.35284           33.44047                53.9125
[2,] 44.35284 5821.43355         4325.74435              5911.0015
[3,] 33.44047 4325.74435         3781.88516              5473.9356
[4,] 53.91250 5911.00154         5473.93564             11330.2863
varMatrix at iteration - 0 - k: 1 - i: 64
       Gender        Age Annual.Income..k.. Spending.Score..1.100.
[1,]  1.09660   44.35284           33.44047                53.9125
[2,] 44.35284 6008.72934         4488.76105              6115.6395
[3,] 33.44047 4488.76105         3923.77007              5652.0465
[4,] 53.91250 6115.63954         5652.04648             11553.8722
varMatrix at iteration - 0 - k: 1 - i: 65
        Gender        Age Annual.Income..k.. Spending.Score..1.100.
[1,]  1.139702   47.06824           35.50936               56.11068
[2,] 47.068242 6179.79998         4619.10059             6254.12529
[3,] 35.509355 4619.10059         4023.07639             5757.55944
[4,] 56.110683 6254.12529         5757.55944            11665.97973
varMatrix at iteration - 0 - k: 1 - i: 66
       Gender        Age Annual.Income..k.. Spending.Score..1.100.
[1,]  1.18406   47.86669           37.63856               58.72783
[2,] 47.86669 6194.17212         4657.42628             6301.23395
[3,] 37.63856 4657.42628         4125.27822             5883.18253
[4,] 58.72783 6301.23395         5883.18253            11820.39145
varMatrix at iteration - 0 - k: 1 - i: 67
       Gender        Age Annual.Income..k.. Spending.Score..1.100.
[1,]  1.18406   47.86669           37.63856               58.72783
[2,] 47.86669 6314.87944         4792.16934             6441.59131
[3,] 37.63856 4792.16934         4275.68908             6039.86051
[4,] 58.72783 6441.59131         6039.86051            11983.59767
varMatrix at iteration - 0 - k: 1 - i: 68
       Gender        Age Annual.Income..k.. Spending.Score..1.100.
[1,]  1.18406   47.86669           37.63856               58.72783
[2,] 47.86669 6611.64699         5001.65232             6651.07429
[3,] 37.63856 5001.65232         4423.55942             6187.73084
[4,] 58.72783 6651.07429         6187.73084            12131.46801
varMatrix at iteration - 0 - k: 1 - i: 69
        Gender        Age Annual.Income..k.. Spending.Score..1.100.
[1,]  1.228383   48.70883           39.76606               61.34288
[2,] 48.708828 6627.64753         5042.07472             6700.76015
[3,] 39.766055 5042.07472         4525.67917             6313.25303
[4,] 61.342876 6700.76015         6313.25303            12285.75570
varMatrix at iteration - 0 - k: 1 - i: 70
